Tester - rich
bob,0,0,0,3,5,14,4,4,2,0,1,0,2,30,0,0,0,0,0,1,2,2,0,4,4,4,0,0.5,0,1,1,100000,50,0,200,200,0,10,0,0,0,10,10,Scout Marine,0,1,5,6,p,,a,0,0,0,0,0,0,0,0,b,,,,h,,,,s,,k,,w,0,0,0,0

Tester - poor
bob,0,0,0,3,5,14,4,4,2,0,1,0,2,30,0,0,0,0,0,1,2,2,0,4,4,4,0,0.5,0,1,1,0,50,0,200,200,0,10,0,0,0,10,10,Scout Marine,0,1,5,6,p,,a,0,0,0,0,0,0,0,0,b,,,,h,,,,s,,k,,w,0,0,0,0

SM - chaplain
Bob,0,0,0,3,5,44,23,19,2,5,10,0,10,40,0,0,0,0,0,10,16.5,6,5,19.5,19.5,19.5,5,5,0,5,30,730,27,0,42,101,10,5,0,16,0,10,10,Reclusiarch,0,1,5,3,p,,a,0,181,0,0,0,0,252,0,b,,,,h,19,19,19,19,19,0,0,0,0,0,0,0,102,200,s,,k,0,1,2,w,0,0,0,0

AS - dominion sister
Bob,1,1,5,3,5,22,10,8,13,0,3,1,11,15,0,0,0,0,0,3,5,17,0,21,19,19,0,2.5,1,5,20,3040,27,0,109,200,10,5,0,16,0,10,10,Celestian Sister,0,5,6,7,p,,a,0,101,0,0,0,0,242,0,b,,,,h,26,26,26,26,26,0,0,0,0,0,0,0,200,200,s,,k,28,29,w,0,0,0,0

E
Bob,1,4,5,3,5,20,5,7,3,6,39,1,10,25,0,0,0,0,0,39,8.5,7,6,13.5,13.5,13.5,6,20.5,1,5,30,2145,30,18,45,200,10,5,0,15,0,1,5,Council Member,0,1,2,4,p,,a,0,0,0,0,0,0,0,0,0,b,,,,h,18,18,18,18,0,0,0,0,101,,s,16,21,24,85,91,94,k,18,19,20,24,25,26,27,w,0,0,0,0


T - commander
Bob,0,3,5,3,5,6,-1,0,10,2,2,2,3,30,0,0,0,0,0,2,1.5,19,2,3,3,3,2,3,2,5,5,3584,31,0,104,200,10,0,0,0,0,10,10,Fire Warrior Commander,0,1,5,6,p,7,a,0,190,0,0,0,0,232,242,0,b,,,,h,,,,s,,k,31,32,w,3,0,18,0

IG - vindicare assasin
Bob,0,2,5,1,5,18,1,6,15,6,6,4,1,30,0,0,0,0,0,6,6.5,15,6,4,4,4,12,7,4,5,20,3387,32,0,107,200,0,10,11,15,0,10,10,Grandmaster Assasin,0,5,8,p,,a,0,0,0,0,0,0,0,0,0,b,3,3,3,38,,h,3,3,3,3,0,0,0,0,38,,s,,k,31,32,33,w,7,0,0,0